ch1
3.897E00
3.919E00
3.925E00
3.928E00
3.944E00
3.953E00
3.894E00
3.747E00
3.712E00
3.775E00
3.816E00
3.825E00
3.828E00
3.834E00
3.837E00
3.847E00
3.875E00
3.900E00
3.922E00
3.931E00
3.928E00
3.944E00
3.944E00
3.822E00
3.691E00
3.728E00
3.781E00
3.816E00
3.831E00
3.841E00
3.844E00
3.853E00
3.866E00
3.891E00
3.916E00
3.925E00
3.934E00
3.928E00
3.947E00
3.941E00
3.769E00
3.647E00
3.731E00
3.781E00
3.806E00
3.822E00
3.834E00
3.847E00
3.859E00
3.881E00
3.912E00
3.934E00
3.937E00
3.937E00
3.944E00
3.947E00
3.878E00
3.725E00
3.691E00
3.753E00
3.794E00
3.809E00
3.819E00
3.828E00
3.841E00
3.856E00
3.887E00
3.912E00
3.944E00
3.947E00
3.944E00
3.956E00
3.953E00
3.834E00
3.697E00
3.722E00
3.772E00
3.800E00
3.812E00
3.822E00
3.828E00
3.837E00
3.850E00
3.884E00
3.912E00
3.931E00
3.941E00
3.947E00
3.966E00
3.962E00
3.784E00
3.669E00
3.747E00
3.794E00
3.809E00
3.819E00
3.828E00
3.831E00
3.847E00
3.862E00

