ch1
2.193E00
2.168E00
2.168E00
2.012E00
1.837E00
1.806E00
1.775E00
1.637E00
1.650E00
1.787E00
1.862E00
1.931E00
1.981E00
2.025E00
2.075E00
2.118E00
2.162E00
2.181E00
2.150E00
2.175E00
1.900E00
1.856E00
1.812E00
1.856E00
1.575E00
1.731E00
1.843E00
1.918E00
1.968E00
2.006E00
2.037E00
2.087E00
2.118E00
2.143E00
2.156E00
2.125E00
2.137E00
1.850E00
1.825E00
1.800E00
1.825E00
1.643E00
1.793E00
1.887E00
1.962E00
2.006E00
2.050E00
2.081E00
2.112E00
2.143E00
2.150E00
2.118E00
2.112E00
1.975E00
1.806E00
1.818E00
1.787E00
1.668E00
1.693E00
1.831E00
1.925E00
1.993E00
2.043E00
2.087E00
2.125E00
2.143E00
2.168E00
2.175E00
2.131E00
2.131E00
1.868E00
1.793E00
1.781E00
1.806E00
1.531E00
1.712E00
1.843E00
1.931E00
1.993E00
2.050E00
2.093E00
2.143E00
2.181E00
2.200E00
2.200E00
2.137E00
2.150E00
1.843E00
1.800E00
1.756E00
1.800E00
1.587E00
1.737E00
1.843E00
1.918E00
1.981E00
2.043E00
2.087E00
2.137E00
2.181E00

