ch1
1.566E00
1.575E00
1.579E00
1.591E00
1.610E00
1.632E00
1.675E00
1.707E00
1.732E00
1.741E00
1.754E00
1.763E00
1.757E00
1.579E00
1.479E00
1.541E00
1.575E00
1.591E00
1.585E00
1.591E00
1.594E00
1.600E00
1.619E00
1.650E00
1.682E00
1.694E00
1.710E00
1.729E00
1.744E00
1.685E00
1.541E00
1.525E00
1.582E00
1.616E00
1.625E00
1.625E00
1.619E00
1.619E00
1.619E00
1.641E00
1.657E00
1.679E00
1.682E00
1.682E00
1.704E00
1.710E00
1.600E00
1.491E00
1.532E00
1.591E00
1.622E00
1.635E00
1.647E00
1.650E00
1.650E00
1.660E00
1.675E00
1.685E00
1.691E00
1.691E00
1.685E00
1.694E00
1.685E00
1.519E00
1.429E00
1.519E00
1.575E00
1.607E00
1.625E00
1.647E00
1.657E00
1.675E00
1.691E00
1.716E00
1.722E00
1.722E00
1.713E00
1.713E00
1.707E00
1.635E00
1.479E00
1.447E00
1.510E00
1.547E00
1.572E00
1.591E00
1.616E00
1.632E00
1.657E00
1.694E00
1.719E00
1.744E00
1.747E00
1.738E00
1.747E00
1.732E00
1.604E00
1.460E00
1.491E00
1.538E00

