ch1
3.919E00
3.951E00
3.988E00
4.007E00
4.001E00
3.969E00
3.938E00
3.738E00
3.713E00
3.682E00
3.663E00
3.563E00
3.688E00
3.763E00
3.819E00
3.863E00
3.907E00
3.938E00
3.969E00
3.994E00
4.013E00
3.951E00
3.969E00
3.826E00
3.713E00
3.676E00
3.676E00
3.513E00
3.588E00
3.701E00
3.782E00
3.838E00
3.876E00
3.907E00
3.951E00
3.982E00
4.013E00
4.019E00
3.963E00
3.988E00
3.757E00
3.719E00
3.676E00
3.726E00
3.501E00
3.644E00
3.732E00
3.794E00
3.844E00
3.888E00
3.919E00
3.963E00
4.001E00
4.019E00
4.013E00
3.982E00
3.963E00
3.751E00
3.719E00
3.669E00
3.657E00
3.544E00
3.669E00
3.751E00
3.807E00
3.857E00
3.888E00
3.932E00
3.963E00
4.007E00
4.019E00
3.969E00
3.988E00
3.832E00
3.738E00
3.701E00
3.701E00
3.538E00
3.601E00
3.707E00
3.776E00
3.832E00
3.863E00
3.894E00
3.944E00
3.963E00
3.994E00
4.013E00
3.969E00
3.994E00
3.788E00
3.738E00
3.701E00
3.738E00
3.507E00
3.651E00
3.738E00
3.801E00
3.844E00
3.882E00

