ch1
1.713E-01
1.675E-01
1.638E-01
1.719E-01
1.706E-01
1.694E-01
1.706E-01
1.731E-01
1.763E-01
1.794E-01
1.775E-01
1.769E-01
1.819E-01
1.825E-01
1.794E-01
1.725E-01
1.756E-01
1.725E-01
1.694E-01
1.731E-01
1.725E-01
1.713E-01
1.681E-01
1.675E-01
1.688E-01
1.738E-01
1.750E-01
1.738E-01
1.731E-01
1.781E-01
1.825E-01
1.819E-01
1.781E-01
1.819E-01
1.794E-01
1.750E-01
1.794E-01
1.756E-01
1.688E-01
1.700E-01
1.731E-01
1.706E-01
1.719E-01
1.719E-01
1.731E-01
1.731E-01
1.713E-01
1.744E-01
1.800E-01
1.794E-01
1.775E-01
1.788E-01
1.813E-01
1.825E-01
1.800E-01
1.731E-01
1.744E-01
1.731E-01
1.725E-01
1.706E-01
1.669E-01
1.675E-01
1.644E-01
1.713E-01
1.725E-01
1.750E-01
1.719E-01
1.769E-01
1.763E-01
1.825E-01
1.806E-01
1.769E-01
1.794E-01
1.756E-01
1.756E-01
1.775E-01
1.775E-01
1.750E-01
1.656E-01
1.694E-01
1.700E-01
1.688E-01
1.700E-01
1.700E-01
1.700E-01
1.713E-01
1.744E-01
1.763E-01
1.775E-01
1.800E-01
1.763E-01
1.769E-01
1.794E-01
1.794E-01
1.763E-01
1.731E-01
1.738E-01
1.738E-01
1.744E-01
1.706E-01

