ch1
2.031E00
2.059E00
2.056E00
2.059E00
2.062E00
2.047E00
2.022E00
1.987E00
1.956E00
1.928E00
1.915E00
1.906E00
1.922E00
1.950E00
1.972E00
1.981E00
1.993E00
2.012E00
2.031E00
2.043E00
2.056E00
2.065E00
2.053E00
2.031E00
2.000E00
1.972E00
1.950E00
1.940E00
1.928E00
1.950E00
1.959E00
1.984E00
1.987E00
1.978E00
1.993E00
1.997E00
2.015E00
2.025E00
2.043E00
2.031E00
2.015E00
1.993E00
1.984E00
1.972E00
1.962E00
1.962E00
1.975E00
1.997E00
2.000E00
2.000E00
1.984E00
2.003E00
1.993E00
1.990E00
2.006E00
1.997E00
1.993E00
1.978E00
1.965E00
1.956E00
1.956E00
1.968E00
1.978E00
2.009E00
2.028E00
2.028E00
2.028E00
2.018E00
2.018E00
2.012E00
2.015E00
2.009E00
1.987E00
1.972E00
1.940E00
1.931E00
1.922E00
1.925E00
1.947E00
1.972E00
2.006E00
2.040E00
2.043E00
2.037E00
2.047E00
2.040E00
2.047E00
2.037E00
2.034E00
2.000E00
1.968E00
1.940E00
1.918E00
1.906E00
1.906E00
1.912E00
1.953E00
1.984E00
2.012E00
2.025E00

