ch1
1.487E00
1.494E00
1.581E00
1.656E00
1.719E00
1.762E00
1.762E00
1.762E00
1.769E00
1.762E00
1.762E00
1.781E00
1.794E00
1.825E00
1.856E00
1.875E00
1.750E00
1.406E00
1.550E00
1.650E00
1.731E00
1.775E00
1.794E00
1.794E00
1.787E00
1.769E00
1.762E00
1.762E00
1.769E00
1.775E00
1.806E00
1.831E00
1.850E00
1.631E00
1.437E00
1.562E00
1.662E00
1.744E00
1.800E00
1.819E00
1.825E00
1.812E00
1.787E00
1.794E00
1.781E00
1.775E00
1.794E00
1.806E00
1.819E00
1.812E00
1.437E00
1.456E00
1.581E00
1.681E00
1.750E00
1.806E00
1.825E00
1.837E00
1.831E00
1.825E00
1.819E00
1.812E00
1.806E00
1.819E00
1.831E00
1.837E00
1.687E00
1.344E00
1.469E00
1.575E00
1.662E00
1.725E00
1.775E00
1.800E00
1.812E00
1.819E00
1.819E00
1.819E00
1.831E00
1.831E00
1.856E00
1.862E00
1.856E00
1.619E00
1.419E00
1.531E00
1.619E00
1.694E00
1.737E00
1.762E00
1.775E00
1.781E00
1.787E00
1.794E00
1.806E00
1.819E00
1.856E00
1.862E00
1.894E00
1.887E00

