ch1
3.926E00
3.982E00
4.032E00
4.044E00
4.051E00
4.044E00
4.032E00
4.032E00
4.019E00
4.026E00
4.038E00
4.051E00
4.076E00
4.082E00
3.869E00
3.801E00
3.876E00
3.938E00
3.988E00
4.026E00
4.032E00
4.038E00
4.032E00
4.026E00
4.026E00
4.026E00
4.032E00
4.051E00
4.063E00
4.082E00
3.982E00
3.738E00
3.826E00
3.907E00
3.963E00
4.007E00
4.032E00
4.038E00
4.032E00
4.026E00
4.013E00
4.019E00
4.032E00
4.038E00
4.063E00
4.082E00
4.076E00
3.951E00
3.776E00
3.863E00
3.919E00
3.976E00
4.013E00
4.032E00
4.032E00
4.032E00
4.026E00
4.013E00
4.019E00
4.026E00
4.038E00
4.057E00
4.082E00
4.088E00
3.857E00
3.801E00
3.894E00
3.951E00
3.994E00
4.026E00
4.038E00
4.032E00
4.032E00
4.019E00
4.013E00
4.013E00
4.026E00
4.038E00
4.057E00
4.082E00
4.001E00
3.757E00
3.832E00
3.907E00
3.969E00
4.019E00
4.038E00
4.044E00
4.038E00
4.026E00
4.019E00
4.013E00
4.013E00
4.032E00
4.044E00
4.069E00
4.076E00
3.938E00
3.763E00
3.857E00

