ch1
2.469E00
2.828E00
3.094E00
3.187E00
3.094E00
3.406E00
3.297E00
3.359E00
3.437E00
3.265E00
3.031E00
2.625E00
2.328E00
2.125E00
2.000E00
2.031E00
2.203E00
2.672E00
3.015E00
3.094E00
3.172E00
3.234E00
3.406E00
3.359E00
3.422E00
3.469E00
3.234E00
2.953E00
2.547E00
2.297E00
2.094E00
2.031E00
2.109E00
2.453E00
2.797E00
3.125E00
3.234E00
3.156E00
3.344E00
3.312E00
3.375E00
3.422E00
3.437E00
3.140E00
2.812E00
2.453E00
2.250E00
2.078E00
2.062E00
2.140E00
2.531E00
2.890E00
3.140E00
3.219E00
3.125E00
3.422E00
3.328E00
3.390E00
3.453E00
3.312E00
3.078E00
2.672E00
2.375E00
2.172E00
2.047E00
2.078E00
2.219E00
2.672E00
3.015E00
3.109E00
3.203E00
3.203E00
3.359E00
3.328E00
3.406E00
3.437E00
3.187E00
2.937E00
2.531E00
2.250E00
2.078E00
1.953E00
2.047E00
2.375E00
2.750E00
3.109E00
3.203E00
3.109E00
3.312E00
3.281E00
3.344E00
3.422E00
3.422E00
3.109E00
2.750E00
2.390E00
2.140E00
1.969E00
1.922E00
2.031E00

