ch1
8.585E-01
1.249E00
1.671E00
1.812E00
1.734E00
1.999E00
1.984E00
2.093E00
2.202E00
2.202E00
1.812E00
1.390E00
9.835E-01
7.023E-01
5.304E-01
4.835E-01
5.304E-01
9.210E-01
1.312E00
1.640E00
1.780E00
1.702E00
2.077E00
1.984E00
2.093E00
2.187E00
2.030E00
1.718E00
1.234E00
8.429E-01
6.241E-01
4.679E-01
4.991E-01
6.241E-01
1.124E00
1.499E00
1.671E00
1.749E00
1.827E00
2.015E00
2.015E00
2.124E00
2.187E00
1.905E00
1.577E00
1.093E00
7.804E-01
5.929E-01
4.679E-01
5.148E-01
8.273E-01
1.234E00
1.671E00
1.780E00
1.702E00
1.968E00
1.952E00
2.077E00
2.140E00
2.155E00
1.812E00
1.405E00
9.835E-01
7.335E-01
5.460E-01
5.148E-01
5.616E-01
9.366E-01
1.359E00
1.702E00
1.843E00
1.702E00
2.077E00
1.999E00
2.093E00
2.155E00
2.030E00
1.687E00
1.234E00
8.585E-01
6.398E-01
4.679E-01
5.148E-01
6.085E-01
1.124E00
1.530E00
1.702E00
1.796E00
1.874E00
2.109E00
2.077E00
2.171E00
2.218E00
1.937E00
1.609E00
1.109E00
8.116E-01
6.085E-01
4.835E-01
5.616E-01

