ch1
4.109E00
4.088E00
4.069E00
4.053E00
4.044E00
4.044E00
4.047E00
4.072E00
4.088E00
4.106E00
4.113E00
4.113E00
4.122E00
4.119E00
4.125E00
4.125E00
4.119E00
4.106E00
4.081E00
4.066E00
4.050E00
4.041E00
4.044E00
4.047E00
4.075E00
4.094E00
4.100E00
4.106E00
4.113E00
4.122E00
4.125E00
4.131E00
4.138E00
4.122E00
4.103E00
4.081E00
4.066E00
4.053E00
4.044E00
4.047E00
4.063E00
4.078E00
4.097E00
4.100E00
4.097E00
4.106E00
4.109E00
4.119E00
4.125E00
4.131E00
4.116E00
4.097E00
4.075E00
4.063E00
4.050E00
4.047E00
4.053E00
4.066E00
4.084E00
4.100E00
4.103E00
4.100E00
4.119E00
4.113E00
4.119E00
4.119E00
4.119E00
4.106E00
4.091E00
4.069E00
4.063E00
4.053E00
4.056E00
4.059E00
4.084E00
4.097E00
4.100E00
4.103E00
4.103E00
4.113E00
4.113E00
4.119E00
4.122E00
4.106E00
4.097E00
4.072E00
4.063E00
4.053E00
4.047E00
4.053E00
4.072E00
4.091E00
4.109E00
4.113E00
4.106E00
4.116E00
4.116E00
4.119E00
4.122E00
4.122E00

